[[0 0 0 0 0 0 0 0 0 0 0 0 0 0 0]
 [0 0 0 0 0 0 0 0 0 0 0 0 0 0 0]
 [0 0 0 0 0 0 0 0 0 0 0 0 0 0 0]
 [0 0 0 0 0 0 0 0 0 0 0 0 0 0 0]
 [0 0 0 0 0 0 0 0 0 0 0 0 0 0 0]
 [0 0 0 0 0 0 0 0 0 0 0 0 0 0 0]
 [0 0 0 0 0 0 0 0 0 0 0 0 0 0 0]
 [0 0 0 0 0 0 0 0 0 0 0 0 0 0 0]
 [0 0 0 0 0 0 0 0 0 0 0 0 0 0 0]
 [0 0 0 0 0 0 0 0 0 0 0 0 0 0 0]
 [0 0 0 0 0 0 0 0 0 0 0 0 0 0 0]
 [0 0 0 0 0 0 0 0 0 0 0 0 0 0 0]
 [0 0 0 0 0 0 0 0 0 0 0 0 0 0 0]
 [0 0 0 0 0 0 0 0 0 0 0 0 0 0 0]
 [0 0 0 0 0 0 0 0 0 0 0 0 0 0 0]]
[[ 1. -1.  1. -1.  1. -1.  1. -1.  1. -1.  1. -1.  1. -1.  1.]
 [-1.  1. -1.  1. -1.  1. -1.  1. -1.  1. -1.  1. -1.  1. -1.]
 [-1.  1. -1.  0. -1.  1. -1.  1. -1.  1. -1.  1. -1.  1. -1.]
 [-1.  1. -1.  1. -1.  1. -1.  1. -1.  1. -1.  1. -1.  1. -1.]
 [ 1. -1.  1. -1.  1. -1.  1. -1.  1. -1.  1. -1.  1. -1.  1.]
 [-1.  1. -1.  1. -1.  1. -1.  1. -1.  1. -1.  1. -1.  1. -1.]
 [-1.  1. -1.  1. -1.  1. -1.  1. -1.  1. -1.  1. -1.  1. -1.]
 [-1.  1. -1.  1. -1.  1. -1.  1. -1.  1. -1.  1. -1.  1. -1.]
 [ 1. -1.  1. -1.  1. -1.  1. -1.  1. -1.  1. -1.  1. -1.  1.]
 [-1.  1. -1.  1. -1.  1. -1.  1. -1.  1. -1.  1. -1.  1. -1.]
 [-1.  1. -1.  1. -1.  1. -1.  1. -1.  1. -1.  1. -1.  1. -1.]
 [-1.  1. -1.  1. -1.  1. -1.  1. -1.  1. -1.  1. -1.  1. -1.]
 [ 1. -1.  1. -1.  1. -1.  1. -1.  1. -1.  1. -1.  1. -1.  1.]
 [-1.  1. -1.  1. -1.  1. -1.  1. -1.  1. -1.  1. -1.  1. -1.]
 [-1.  1. -1.  1. -1.  1. -1.  1. -1.  1. -1.  1. -1.  1. -1.]]
[[ 0  0  0  0  0  0  0  0  0  0  0  0  0  0  0]
 [ 0  0  0  0  0  0  0  0  0  0  0 -1  0  0  0]
 [ 0  0  1  0  0  0  0  0  0  0  0 -1  0  0  0]
 [ 0  0  0  1  0  0  0  0  0 -1 -1  0  0  0  0]
 [ 0  0  0  0  1  0  0  0  0  0  0  0  0  0  0]
 [ 0  0  0  0  0  2  1  0  1  0  0  0  0  0  0]
 [ 0  0  0  0  0  0  0  0  0  0  0  0  0 -1  0]
 [ 0  0  0  0  0  0  0  0  0  0  0  0  0  0  0]
 [ 0  0  0  0  0  0  0  0  0  0  0  0  0  0  0]
 [ 0  0  0  0  0  0  0  0  0  0  0  0  0  0  0]
 [ 0  0  0  0  0  0  0  0  0  0  0  0  0  0  0]
 [ 0  0  0  0  0  0  0  0  0  0  0  0  0  0  0]
 [ 0  0  0  0  0  0  0  0  0  0  0  0  0  0  0]
 [ 0  0  0  0  0  0  0  0  0  0  0  0  0  0  0]
 [ 0  0  0  0  0  0  0  0  0  0  0  0  0  0  0]]
我方：双三   敌方：活三

[[5, 5]]
[[ 0  0  0  0  0  0  0  0  0  0  0  0  0  0  0]
 [ 0  0  0  0  0  0  0  0  2  0 -1 -1  0  0  0]
 [ 0  0  1  1  0  0  0  0  0  0 -1  0  0  0  0]
 [ 0  0  0  0  0  0  0  0  0  0  0  0  0  0  0]
 [ 0  1  1  0  0  0  0  0  0  0  0  0 -1  0  0]
 [ 0  0  0  0  0  0  0  0  0  0  0  0  0  0  0]
 [ 0  0  0  0  0  0  0  0  0  0  0  0  0  0  0]
 [ 0  0  0  0  0  0  0  0  0  0  0  0  0  0  0]
 [ 0  0  0  0  0  0  0  0  0  0  0  0  0  0  0]
 [ 0  0  0  0  0  0  0  0  0  0  0  0  0  0  0]
 [ 0  0  0  0  0  0  0  0  0  0  0  0  0  0  0]
 [ 0  0  0  0  0  0  0  0  0  0  0  0  0  0  0]
 [ 0  0  0  0  0  0  0  0  0  0  0  0  0  0  0]
 [ 0  0  0  0  0  0  0  0  0  0  0  0  0  0  0]
 [ 0  0  0  0  0  0  0  0  0  0  0  0  0  0  0]]
[[1, 9]]
敌方：双三   我方：双三

[[ 0  0  0  0  0  0  0  0  0  0  0  0  0  0  0]
 [ 0  0  0  0  0  0  0  0  0  0 -1 -1  0  0  0]
 [ 0  0  1  0  1  0  0  0  0  0 -1  0  0  0  0]
 [ 0  0  1  1  0  0  0  0  0  0  0  0  0  0  0]
 [ 0  0  2  0  0  0  0  0  0  0  0  0 -1 -1  0]
 [ 0  0  1  0  0  0  0  0  0  0  0  0  0  0  0]
 [ 0  0  0  0  0  0  0  0  0  0  0  0  0  0  0]
 [ 0  0  0  0  0  0  0  0  0  0  0  0  0  0  0]
 [ 0  0  0  0  0  0  0  0  0  0  0  0  0  0  0]
 [ 0  0  0  0  0  0  0  0  0  0  0  0  0  0  0]
 [ 0  0  0  0  0  0  0  0  0  0  0  0  0  0  0]
 [ 0  0  0  0  0  0  0  0  0  0  0  0  0  0  0]
 [ 0  0  0  0  0  0  0  0  0  0  0  0  0  0  0]
 [ 0  0  0  0  0  0  0  0  0  0  0  0  0  0  0]
 [ 0  0  0  0  0  0  0  0  0  0  0  0  0  0  0]]
[[4, 2]]
敌方：活三   我方：双三

[[ 0  0  0  0  0  0  0  0  0  0  0  0  0  0  0]
 [ 0  0  0  0  0  0  0  0  0  0 -1 -1  0  0  0]
 [ 0  0  1  0  0  0  0  0  0  0 -1  0  0  0  0]
 [ 0  0  1  0  0  0  0  0  0  0  0  0  0  0  0]
 [ 0  0  1  0  0  0  0  0  0  0  0  0 -1 -1  0]
 [ 0  0  2  0  0  0  0  0  0  0  0  0  0  0  0]
 [ 0  0  0  1  1  0  0  0  0  0  0  0  0  0  0]
 [ 0  0  0  0  0  0  0  0  0  0  0  0  0  0  0]
 [ 0  0  0  0  0  0  0  0  0  0  0  0  0  0  0]
 [ 0  0  0  0  0  0  0  0  0  0  0  0  0  0  0]
 [ 0  0  0  0  0  0  0  0  0  0  0  0  0  0  0]
 [ 0  0  0  0  0  0  0  0  0  0  0  0  0  0  0]
 [ 0  0  0  0  0  0  0  0  0  0  0  0  0  0  0]
 [ 0  0  0  0  0  0  0  0  0  0  0  0  0  0  0]
 [ 0  0  0  0  0  0  0  0  0  0  0  0  0  0  0]]
[[5, 2]]
敌方：活三   我方：双三

[[ 0  0  0  0  0  0  0  0  0  0  0  0  0  0  0]
 [ 0  0  0  1  0  0  0  0  0  0  0 -1 -1  0  0]
 [ 0  0  1  2  0  1  0  0  0  0  0 -1 -1  0  0]
 [ 0  0  0  1  0  0  0  0  0  0  0  0  0  0  0]
 [ 0  0  0  1  0  0  0  0  0  0  0  0  0  0  0]
 [ 0  0  0  0  0  0  0  0  0  0  0  0  0 -1  0]
 [ 0  0  0  0  0  0  0  0  0  0  0  0  0  0  0]
 [ 0  0  0  0  0  0  0  0  0  0  0  0  0  0  0]
 [ 0  0  0  0  0  0  0  0  0  0  0  0  0  0  0]
 [ 0  0  0  0  0  0  0  0  0  0  0  0  0  0  0]
 [ 0  0  0  0  0  0  0  0  0  0  0  0  0  0  0]
 [ 0  0  0  0  0  0  0  0  0  0  0  0  0  0  0]
 [ 0  0  0  0  0  0  0  0  0  0  0  0  0  0  0]
 [ 0  0  0  0  0  0  0  0  0  0  0  0  0  0  0]
 [ 0  0  0  0  0  0  0  0  0  0  0  0  0  0  0]]
[[2, 3]]
敌方：活三   我方：活二

Your code is too weak, fail to pass base test.
